% latex table generated in R 4.3.0 by xtable 1.8-4 package
% Thu Apr 27 11:54:36 2023
\begin{table}[ht]
\centering
\begin{tabular}{rrrrrrrrrrr}
  \toprule
 & $1_0$ & $1_1$ & $2_0$ & $2_1$ & $3_0$ & $3_1$ & $4_0$ & $4_1$ & $5_0$ & $5_1$ \\ 
  \midrule
$1_0$ &  90 &   0 &  10 &  80 &  89 &   1 &  11 &  79 &  85 &   5 \\ 
  $1_1$ &   0 &  10 &   0 &  10 &   0 &  10 &   0 &  10 &   0 &  10 \\ 
  $2_0$ &  10 &   0 &  10 &   0 &  10 &   0 &  10 &   0 &  10 &   0 \\ 
  $2_1$ &  80 &  10 &   0 &  90 &  79 &  11 &   1 &  89 &  75 &  15 \\ 
  $3_0$ &  89 &   0 &  10 &  79 &  89 &   0 &  11 &  78 &  85 &   4 \\ 
  $3_1$ &   1 &  10 &   0 &  11 &   0 &  11 &   0 &  11 &   0 &  11 \\ 
  $4_0$ &  11 &   0 &  10 &   1 &  11 &   0 &  11 &   0 &  11 &   0 \\ 
  $4_1$ &  79 &  10 &   0 &  89 &  78 &  11 &   0 &  89 &  74 &  15 \\ 
  $5_0$ &  85 &   0 &  10 &  75 &  85 &   0 &  11 &  74 &  85 &   0 \\ 
  $5_1$ &   5 &  10 &   0 &  15 &   4 &  11 &   0 &  15 &   0 &  15 \\ 
   \bottomrule
\end{tabular}
\caption{Example of factor analysis for five unidimensional items} 
\label{tab:fa1}
\end{table}
